-12.6591 
-19.9747 
-24.1014 
-24.3754 
-20.787 
-13.9669 
-5.00573 
4.7171 
13.571 
20.2435 
23.638 
23.2872 
19.249 
12.2289 
3.29796 
-6.03564 
-14.3411 
-20.3431 
-23.0588 
-22.1118 
-17.6918 
-10.5284 
-1.72652 
7.22943 
15.0037 
20.308 
22.3727 
20.8858 
16.1272 
8.83534 
0.250806 
-8.29544 
-15.4901 
-20.1443 
-21.5879 
-19.6092 
-14.5666 
-7.24104 
1.12278 
9.26924 
15.8399 
19.8589 
20.7143 
18.2936 
12.9889 
5.71375 
-2.38853 
-10.0715 
-16.0564 
-19.4685 
-19.7637 
-16.9503 
-11.4691 
-4.26199 
3.58048 
10.7426 
16.1436 
18.9594 
18.7466 
15.5683 
9.9859 
2.89313 
-4.61573 
-11.283 
-16.1249 
-18.3528 
-17.6738 
-14.2027 
-8.54895 
-1.57818 
5.53183 
11.6944 
15.9669 
17.6576 
16.5438 
12.8431 
7.1676 
0.396854 
-6.32681 
-12.0032 
-15.6973 
-16.8834 
-15.3909 
-11.5003 
-5.81933 
0.682967 
6.99962 
12.1621 
15.3232 
16.0372 
14.2152 
10.1846 
4.57542 
-1.65681 
-7.57706 
-12.2019 
-14.8523 
-15.133 
-13.0278 
-8.88113 
-3.41128 
2.52125 
8.0036 
12.1276 
14.2983 
14.1803 
11.8393 
7.64892 
2.33351 
-3.30079 
-8.31021 
-11.945 
-13.6574 
-13.1897 
-10.643 
-6.47217 
-1.34777 
3.93712 
8.49935 
11.6716 
12.9463 
12.1717 
9.48345 
5.35902 
0.433962 
-4.45855 
-8.59192 
-11.2897 
-12.1744 
-11.1271 
-8.35364 
-4.29485 
0.351834 
4.86517 
8.55483 
10.8204 
11.3499 
10.0852 
7.26312 
3.33225 
-1.03309 
-5.17671 
-8.41276 
-10.272 
-10.4852 
-9.04765 
-6.20397 
-2.45425 
1.60734 
5.35506 
8.17136 
9.65658 
9.59015 
8.02451 
5.21912 
1.66623 
-2.0912 
-5.42381 
-7.83698 
-8.97456 
-8.67503 
-7.01441 
-4.29906 
-0.972857 
2.44579 
5.38642 
7.42384 
8.24054 
7.75007 
6.04956 
3.45111 
0.362262 
-2.69139 
-5.24708 
-6.92325 
-7.46417 
-6.8195 
-5.12788 
-2.68184 
0.1295 
2.82904 
5.01978 
6.35237 
6.65533 
5.90524 
4.258 
1.98487 
-0.517581 
-2.86069 
-4.69048 
-5.71973 
-5.82214 
-5.01151 
-3.44809 
-1.39117 
0.800682 
2.79798 
4.27637 
5.03426 
4.97793 
4.14672 
2.7007 
0.891601 
-0.982013 
-2.62354 
-3.78529 
-4.30574 
-4.13158 
-3.3215 
-2.032 
-0.488097 
1.05557 
2.35673 
3.22345 
3.54231 
3.29258 
2.54479 
1.44464 
0.185577 
-1.02485 
-1.99917 
-2.59903 
-2.75454 
-2.47138 
-1.82511 
-0.944263 
0.0140754 
0.891999 
1.55673 
1.92067 
1.95246 
1.67778 
1.17042 
0.535764 
-0.109845 
-0.660051 
-1.03599 
-1.19744 
-1.14617 
-0.921285 
-0.588133 
-0.223239 
0.101586 
0.332839 
0.444131 
0.438736 
0.345763 
0.211059 
0.0850146 
0.00997297 
0.00997297 
0.0850146 
0.211059 
0.345763 
0.438736 
0.444131 
0.332839 
0.101586 
-0.223239 
-0.588133 
-0.921285 
-1.14617 
-1.19744 
-1.03599 
-0.660051 
-0.109845 
0.535764 
1.17042 
1.67778 
1.95246 
1.92067 
1.55673 
0.891999 
0.0140754 
-0.944263 
-1.82511 
-2.47138 
-2.75454 
-2.59903 
-1.99917 
-1.02485 
0.185577 
1.44464 
2.54479 
3.29258 
3.54231 
3.22345 
2.35673 
1.05557 
-0.488097 
-2.032 
-3.3215 
-4.13158 
-4.30574 
-3.78529 
-2.62354 
-0.982013 
0.891601 
2.7007 
4.14672 
4.97793 
5.03426 
4.27637 
2.79798 
0.800682 
-1.39117 
-3.44809 
-5.01151 
-5.82214 
-5.71973 
-4.69048 
-2.86069 
-0.517581 
1.98487 
4.258 
5.90524 
6.65533 
6.35237 
5.01978 
2.82904 
0.1295 
-2.68184 
-5.12788 
-6.8195 
-7.46417 
-6.92325 
-5.24708 
-2.69139 
0.362262 
3.45111 
6.04956 
7.75007 
8.24054 
7.42384 
5.38642 
2.44579 
-0.972857 
-4.29906 
-7.01441 
-8.67503 
-8.97456 
-7.83698 
-5.42381 
-2.0912 
1.66623 
5.21912 
8.02451 
9.59015 
9.65658 
8.17136 
5.35506 
1.60734 
-2.45425 
-6.20397 
-9.04765 
-10.4852 
-10.272 
-8.41276 
-5.17671 
-1.03309 
3.33225 
7.26312 
10.0852 
11.3499 
10.8204 
8.55483 
4.86517 
0.351834 
-4.29485 
-8.35364 
-11.1271 
-12.1744 
-11.2897 
-8.59192 
-4.45855 
0.433962 
5.35902 
9.48345 
12.1717 
12.9463 
11.6716 
8.49935 
3.93712 
-1.34777 
-6.47217 
-10.643 
-13.1897 
-13.6574 
-11.945 
-8.31021 
-3.30079 
2.33351 
7.64892 
11.8393 
14.1803 
14.2983 
12.1276 
8.0036 
2.52125 
-3.41128 
-8.88113 
-13.0278 
-15.133 
-14.8523 
-12.2019 
-7.57706 
-1.65681 
4.57542 
10.1846 
14.2152 
16.0372 
15.3232 
12.1621 
6.99962 
0.682967 
-5.81933 
-11.5003 
-15.3909 
-16.8834 
-15.6973 
-12.0032 
-6.32681 
0.396854 
7.1676 
12.8431 
16.5438 
17.6576 
15.9669 
11.6944 
5.53183 
-1.57818 
-8.54895 
-14.2027 
-17.6738 
-18.3528 
-16.1249 
-11.283 
-4.61573 
2.89313 
9.9859 
15.5683 
18.7466 
18.9594 
16.1436 
10.7426 
3.58048 
-4.26199 
-11.4691 
-16.9503 
-19.7637 
-19.4685 
-16.0564 
-10.0715 
-2.38853 
5.71375 
12.9889 
18.2936 
20.7143 
19.8589 
15.8399 
9.26924 
1.12278 
-7.24104 
-14.5666 
-19.6092 
-21.5879 
-20.1443 
-15.4901 
-8.29544 
0.250806 
8.83534 
16.1272 
20.8858 
22.3727 
20.308 
15.0037 
7.22943 
-1.72652 
-10.5284 
-17.6918 
-22.1118 
-23.0588 
-20.3431 
-14.3411 
-6.03564 
3.29796 
12.2289 
19.249 
23.2872 
23.638 
20.2435 
13.571 
4.7171 
-5.00573 
-13.9669 
-20.787 
-24.3754 
-24.1014 
-19.9747 
-12.6591 
